thresh_05: 0.15000000000000002
thresh_3: 0.15000000000000002
