thresh_05: 0.35000000000000003
thresh_3: 0.15000000000000002
